{
 "cells": [
  {
   "cell_type": "code",
   "execution_count": 33,
   "metadata": {},
   "outputs": [],
   "source": [
    "import numpy as np\n",
    "from numpy.linalg import solve"
   ]
  },
  {
   "cell_type": "code",
   "execution_count": 18,
   "metadata": {},
   "outputs": [],
   "source": [
    "A = np.array([[-6,3,0,-6],[4,-2,2,6],[2,3,-8,-3],[-7,-4,-3,8]],dtype = np.float64)"
   ]
  },
  {
   "cell_type": "code",
   "execution_count": 19,
   "metadata": {},
   "outputs": [],
   "source": [
    "B = np.array([[-2],[-4],[-9],[1]],dtype = np.float64)"
   ]
  },
  {
   "cell_type": "code",
   "execution_count": 20,
   "metadata": {},
   "outputs": [
    {
     "name": "stdout",
     "output_type": "stream",
     "text": [
      "[[-6.  3.  0. -6.]\n",
      " [ 4. -2.  2.  6.]\n",
      " [ 2.  3. -8. -3.]\n",
      " [-7. -4. -3.  8.]]\n"
     ]
    }
   ],
   "source": [
    "print(A)"
   ]
  },
  {
   "cell_type": "code",
   "execution_count": 21,
   "metadata": {},
   "outputs": [
    {
     "name": "stdout",
     "output_type": "stream",
     "text": [
      "[[-2.]\n",
      " [-4.]\n",
      " [-9.]\n",
      " [ 1.]]\n"
     ]
    }
   ],
   "source": [
    "print(B)"
   ]
  },
  {
   "cell_type": "code",
   "execution_count": 23,
   "metadata": {},
   "outputs": [],
   "source": [
    "A_inv = np.linalg.inv(A)\n"
   ]
  },
  {
   "cell_type": "code",
   "execution_count": 24,
   "metadata": {},
   "outputs": [
    {
     "name": "stdout",
     "output_type": "stream",
     "text": [
      "[[-0.10934744 -0.02380952  0.01587302 -0.05820106]\n",
      " [ 0.57671958  0.71428571  0.19047619 -0.03174603]\n",
      " [ 0.10229277  0.11904762 -0.07936508 -0.04232804]\n",
      " [ 0.23104056  0.38095238  0.07936508  0.04232804]]\n"
     ]
    }
   ],
   "source": [
    "print(A_inv)"
   ]
  },
  {
   "cell_type": "code",
   "execution_count": 30,
   "metadata": {},
   "outputs": [
    {
     "data": {
      "text/plain": [
       "array([[ 0.11287478],\n",
       "       [-5.75661376],\n",
       "       [-0.00881834],\n",
       "       [-2.65784832]])"
      ]
     },
     "execution_count": 30,
     "metadata": {},
     "output_type": "execute_result"
    }
   ],
   "source": [
    "sol = np.matmul(A_inv,B)\n",
    "sol"
   ]
  },
  {
   "cell_type": "code",
   "execution_count": 34,
   "metadata": {},
   "outputs": [],
   "source": [
    "np_sol = solve(A,B)"
   ]
  },
  {
   "cell_type": "code",
   "execution_count": 35,
   "metadata": {},
   "outputs": [
    {
     "data": {
      "text/plain": [
       "array([[ 0.11287478],\n",
       "       [-5.75661376],\n",
       "       [-0.00881834],\n",
       "       [-2.65784832]])"
      ]
     },
     "execution_count": 35,
     "metadata": {},
     "output_type": "execute_result"
    }
   ],
   "source": [
    "np_sol"
   ]
  },
  {
   "cell_type": "code",
   "execution_count": null,
   "metadata": {},
   "outputs": [],
   "source": []
  }
 ],
 "metadata": {
  "kernelspec": {
   "display_name": "Python 3",
   "language": "python",
   "name": "python3"
  },
  "language_info": {
   "codemirror_mode": {
    "name": "ipython",
    "version": 3
   },
   "file_extension": ".py",
   "mimetype": "text/x-python",
   "name": "python",
   "nbconvert_exporter": "python",
   "pygments_lexer": "ipython3",
   "version": "3.10.13"
  },
  "orig_nbformat": 4
 },
 "nbformat": 4,
 "nbformat_minor": 2
}
